1498078800000
1498080600000
1498082400000
1498084200000
1498086000000
1498087800000
1498089600000
1498091400000
1498093200000
1498095000000
1498096800000
1498098600000
1498100400000
1498102200000
1498104000000
1498105800000
1498107600000
1498109400000
1498111200000
1498113000000
1498114800000
1498116600000
1498118400000
1498120200000
1498122000000
1498123800000
1498125600000
1498127400000
1498129200000
1498131000000
1498132800000
1498134600000
1498136400000
1498138200000
1498140000000
1498141800000
1498143600000
1498145400000
1498147200000
1498149000000
1498150800000
1498152600000
1498154400000
1498156200000
1498158000000
1498159800000
1498161600000
1498163400000
1498165200000
1498167000000
1498168800000
1498170600000
1498172400000
1498174200000
1498176000000
1498177800000
1498179600000
1498181400000
1498183200000
1498185000000
1498186800000
1498188600000
1498190400000
1498192200000
1498194000000
1498195800000
1498197600000
1498199400000
1498201200000
1498203000000
1498204800000
1498206600000
1498208400000
1498210200000
1498212000000
1498213800000
1498215600000
1498217400000
1498219200000
1498221000000
1498222800000
1498224600000
1498226400000
1498228200000
1498230000000
1498231800000
1498233600000
1498235400000
1498237200000
1498239000000
1498240800000
1498242600000
1498244400000
1498246200000
1498248000000
1498249800000
1498251600000
1498253400000
1498255200000
1498257000000
1498258800000
1498260600000
1498262400000
1498264200000
1498266000000
1498267800000
1498269600000
1498271400000
1498273200000
1498275000000
1498276800000
1498278600000
1498280400000
1498282200000
1498284000000
1498285800000
1498287600000
1498289400000
1498291200000
1498293000000
1498294800000
1498296600000
1498298400000
1498300200000
1498302000000
1498303800000
1498305600000
1498307400000
1498309200000
1498311000000
1498312800000
1498314600000
1498316400000
1498318200000
1498320000000
1498321800000
1498323600000
1498325400000
1498327200000
1498329000000
1498330800000
1498332600000
1498334400000
1498336200000
1498338000000
1498339800000
1498341600000
1498343400000
1498345200000
1498347000000
1498348800000
1498350600000
1498352400000
1498354200000
1498356000000
1498357800000
1498359600000
1498361400000
1498363200000
1498365000000
1498366800000
1498368600000
1498370400000
1498372200000
1498374000000
1498375800000
1498377600000
1498379400000
1498381200000
1498383000000
1498384800000
1498386600000
1498388400000
1498390200000
1498392000000
1498393800000
1498395600000
1498397400000
1498399200000
1498401000000
1498402800000
1498404600000
1498406400000
1498408200000
1498410000000
1498411800000
1498413600000
1498415400000
1498417200000
1498419000000
1498420800000
1498422600000
1498424400000
1498426200000
1498428000000
1498429800000
1498431600000
1498433400000
1498435200000
1498437000000
1498438800000
1498440600000
1498442400000
1498444200000
1498446000000
1498447800000
1498449600000
1498451400000
1498453200000
1498455000000
1498456800000
1498458600000
1498460400000
1498462200000
1498464000000
1498465800000
1498467600000
1498469400000
1498471200000
1498473000000
1498474800000
1498476600000
1498478400000
1498480200000
1498482000000
1498483800000
1498485600000
1498487400000
1498489200000
1498491000000
1498492800000
1498494600000
1498496400000
1498498200000
1498500000000
1498501800000
1498503600000
1498505400000
1498507200000
1498509000000
1498510800000
1498512600000
1498514400000
1498516200000
1498518000000
1498519800000
1498521600000
1498523400000
1498525200000
1498527000000
1498528800000
1498530600000
1498532400000
1498534200000
1498536000000
1498537800000
1498539600000
1498541400000
1498543200000
1498545000000
1498546800000
1498548600000
1498550400000
1498552200000
1498554000000
1498555800000
1498557600000
1498559400000
1498561200000
1498563000000
1498564800000
1498566600000
1498568400000
1498570200000
1498572000000
1498573800000
1498575600000
1498577400000
1498579200000
1498581000000
1498582800000
1498584600000
1498586400000
1498588200000
1498590000000
1498591800000
1498593600000
1498595400000
1498597200000
1498599000000
1498600800000
1498602600000
1498604400000
1498606200000
1498608000000
1498609800000
1498611600000
1498613400000
1498615200000
1498617000000
1498618800000
1498620600000
1498622400000
1498624200000
1498626000000
1498627800000
1498629600000
1498631400000
1498633200000
1498635000000
1498636800000
1498638600000
1498640400000
1498642200000
1498644000000
1498645800000
1498647600000
1498649400000
1498651200000
1498653000000
1498654800000
1498656600000
1498658400000
1498660200000
1498662000000
1498663800000
1498665600000
1498667400000
1498669200000
1498671000000
1498672800000
1498674600000
1498676400000
1498678200000
1498680000000
1498681800000
1498683600000